{
  "corr_index": [
    "차로유형구분코드",
    "교통량",
    "평균속도",
    "콘존길이",
    "시작노드ID",
    "종료노드ID",
    "차로수",
    "노선번호",
    "제한속도",
    "노선구성순번",
    "버스전용차로유무",
    "도로등급구분코드"
  ],
  "columns": [
    "차로유형구분코드",
    "교통량",
    "평균속도",
    "콘존길이",
    "시작노드ID",
    "종료노드ID",
    "차로수",
    "노선번호",
    "제한속도",
    "노선구성순번",
    "버스전용차로유무",
    "도로등급구분코드"
  ],
  "data": [
    [
      1,
      -0.08031806608657605,
      -0.0329084544978091,
      -0.0628335303979677,
      -0.02191469454010903,
      -0.022375938185693053,
      0.24784406641376341,
      -0.07546197360934562,
      0.08388209143333392,
      0.18850781114657264,
      0.4675116118087611,
      -0.06658995221867524
    ],
    [
      -0.08031806608657605,
      1,
      0.11259317020235073,
      -0.1791232160583545,
      -0.0838215903302126,
      -0.08357097696868211,
      0.350629787719048,
      0.007461420949559592,
      0.013691445808633075,
      0.14936916474094078,
      0.11793632340398603,
      -0.014648598677116135
    ],
    [
      -0.0329084544978091,
      0.11259317020235073,
      1,
      0.29006898078515786,
      0.0038021355353273062,
      0.002400581405301336,
      -0.16673254466467982,
      -0.05738812618695696,
      0.12890397514896906,
      -0.057174167109628214,
      -0.12189144304651499,
      0.006550685108491381
    ],
    [
      -0.0628335303979677,
      -0.1791232160583545,
      0.29006898078515786,
      1,
      -0.06757549567462971,
      -0.06634603308211871,
      -0.26247069537396006,
      -0.1349698110591551,
      0.13475387246951645,
      -0.03177210385053557,
      -0.09776802623568838,
      -0.13548659814249683
    ],
    [
      -0.02191469454010903,
      -0.0838215903302126,
      0.0038021355353273062,
      -0.06757549567462971,
      1,
      0.5671630776115189,
      -0.08117824923125204,
      0.18030579743414904,
      -0.11020271354094979,
      -0.23049607720099932,
      -0.05959461784726617,
      0.40723510465953866
    ],
    [
      -0.022375938185693053,
      -0.08357097696868211,
      0.002400581405301336,
      -0.06634603308211871,
      0.5671630776115189,
      1,
      -0.0833656455541908,
      0.17906810219848845,
      -0.1120831867257442,
      -0.260018055640152,
      -0.05998137038574709,
      0.41445295655654435
    ],
    [
      0.24784406641376341,
      0.350629787719048,
      -0.16673254466467982,
      -0.26247069537396006,
      -0.08117824923125204,
      -0.0833656455541908,
      1,
      -0.03401519380405068,
      -0.014338911325706678,
      0.2978390373727712,
      0.4110076415860525,
      -0.022226071971097723
    ],
    [
      -0.07546197360934562,
      0.007461420949559592,
      -0.05738812618695696,
      -0.1349698110591551,
      0.18030579743414904,
      0.17906810219848845,
      -0.03401519380405068,
      1,
      -0.20365300625810956,
      -0.26182742607904536,
      -0.14315044406451916,
      0.1874904762206181
    ],
    [
      0.08388209143333392,
      0.013691445808633075,
      0.12890397514896906,
      0.13475387246951645,
      -0.11020271354094979,
      -0.1120831867257442,
      -0.014338911325706678,
      -0.20365300625810956,
      1,
      0.0837341429395078,
      0.1665026510938053,
      -0.12937211064423712
    ],
    [
      0.18850781114657264,
      0.14936916474094078,
      -0.057174167109628214,
      -0.03177210385053557,
      -0.23049607720099932,
      -0.260018055640152,
      0.2978390373727712,
      -0.26182742607904536,
      0.0837341429395078,
      1,
      0.36328209314970505,
      -0.2774375658780758
    ],
    [
      0.4675116118087611,
      0.11793632340398603,
      -0.12189144304651499,
      -0.09776802623568838,
      -0.05959461784726617,
      -0.05998137038574709,
      0.4110076415860525,
      -0.14315044406451916,
      0.1665026510938053,
      0.36328209314970505,
      1,
      -0.1145643223901514
    ],
    [
      -0.06658995221867524,
      -0.014648598677116135,
      0.006550685108491381,
      -0.13548659814249683,
      0.40723510465953866,
      0.41445295655654435,
      -0.022226071971097723,
      0.1874904762206181,
      -0.12937211064423712,
      -0.2774375658780758,
      -0.1145643223901514,
      1
    ]
  ]
}